797
8079 31135 38160 42033 20204 3577
751
16096 4368 47790 58982 3771 20767
836
20191 20546 50830 7336 24198 29975
690
36721 61183 49836 43296 18923 14794
644
42896 62505 54687 50975 28104 27312
849
48308 30889 28222 64405 35257 10476
1020
39028 31244 20286 59219 51790 5581
1021
10452 35556 58541 47174 31203 42841
871
50126 57635 15850 27486 54604 5001
638
17173 32313 40397 65481 63202 3084
863
32924 13560 56666 6416 44804 11416
613
31058 16997 1120 41511 52553 59661
622
18221 36966 48083 2811 29065 63933
603
18133 3399 43223 35306 35712 18085
949
33379 21169 34066 767 34729 25196
528
13998 36613 7283 45056 53610 8403
552
40628 2528 44180 58849 39494 26728
733
3023 25125 26422 21157 28524 4110
656
64237 22195 26179 32080 43364 60246
592
12557 19906 40030 26555 56519 47314
957
44594 55717 27107 19686 58246 5752
712
32204 32480 9123 35228 57605 35546
578
20594 39656 47312 19295 61851 7956
688
39679 2666 18686 52236 22572 58716
969
13556 40494 19332 58150 30676 46439
525
23386 52191 25299 55590 19135 34422
707
11205 4432 16131 31799 44088 63444
919
40403 5864 36933 14546 8530 55619
736
31102 48799 14503 44658 23758 33835
921
54434 14738 49572 12284 1394 9335
803
20529 43758 27621 31734 48190 43752
558
26743 41660 49091 1610 47524 20488
798
56054 10571 17404 21621 59371 31907
744
17593 206 38016 6491 14944 22052
856
16338 31388 21113 36868 9610 48734
1019
57800 26951 1064 19007 3075 50155
651
50600 5108 36775 41118 15679 54179
788
9514 20550 63483 27107 20756 35963
831
35700 58015 52373 52039 23867 7951
844
33477 56685 26437 25742 18100 27501
718
21176 12121 65367 6240 17229 36606
767
32908 25249 44562 42423 45799 42509
923
1019 12936 37593 36720 5415 24430
696
29283 32381 46594 62760 23531 7495
951
41631 34997 2180 62807 47118 2011
952
64347 38618 50870 31719 63867 29896
927
44131 6869 12601 45150 19805 50194
975
25220 9088 39557 54503 41470 20615
529
65001 28111 9158 41096 63108 11338
993
44690 13350 41879 43501 51968 27213
981
50299 57109 18291 28894 63978 30892
830
18247 15550 24843 43468 24638 64401
692
572 19480 18627 37 47591 27786
687
45163 39124 13966 24317 52474 55845
747
38906 17523 11967 23670 9096 30258
853
7539 61150 61073 25786 11164 20381
647
35802 19246 36154 36375 38726 54781
573
20782 17031 12010 409 56156 25976
664
43094 16286 27009 16465 33809 38976
712
42905 3698 27163 50444 64848 22701
968
10476 43082 14413 46279 62328 50567
735
35518 39813 53530 56300 56844 5
903
47464 25981 15901 25023 42267 42910
529
10540 16351 16087 53446 20049 43250
979
19362 415 49049 29838 43497 63463
854
40289 48494 27699 10272 22771 15694
525
14080 15699 57746 61544 41680 8111
552
18412 51022 62519 28952 1837 13070
991
21886 56321 55217 41248 56736 38730
944
34698 36657 16132 9451 19616 43832
780
42387 59526 20760 56467 9689 12970
765
51369 21082 7971 4245 6568 4955
943
8405 18025 50060 30291 8810 39741
885
11 12936 11555 34709 49593 27687
641
3673 5983 63884 46061 65509 19108
641
9662 32078 23932 61032 53160 31904
766
59728 36859 32939 2597 54884 17464
634
63695 57205 38893 63706 4605 50448
624
54199 12599 11503 57872 18583 9851
1022
18556 28959 9854 28219 61038 33786
676
48662 154 23456 42855 37013 56396
909
26362 8324 12805 24521 65529 51698
676
4599 36610 55570 58798 49210 1537
959
2257 11389 23996 20813 40348 33850
905
35850 2100 7211 18977 2255 30668
905
39268 21528 41748 94 29852 54554
552
29845 40716 47306 34444 11791 37340
571
61001 38878 13305 63258 50267 37301
616
25079 5615 2032 60930 7715 9243
548
9970 39911 10667 49239 61439 52415
694
25755 41433 8413 55601 16614 55719
958
28405 27524 52216 23870 866 65521
601
51133 37286 40127 10676 42901 42159
951
50616 51403 20441 60587 25778 31108
771
21682 17988 28087 47437 59421 36500
639
10499 26684 62012 38904 54208 48692
823
55074 48677 18830 40671 20427 58958
660
63328 35581 57418 48408 21448 12323
964
47227 43432 22213 3373 61420 50301
635
55305 21265 22777 269 47949 19253